0.001000
0.000000
0.001000
0.001000
0.001000
0.001000
0.001000
0.001000
0.002000
0.001000
0.001000
0.001000
0.001000
0.002000
0.002000
0.003000
0.002000
0.003000
0.003000
0.004000
0.004000
0.004000
0.005000
0.005000
0.006000
0.006000
0.008000
0.006000
0.008000
0.009000
0.009000
0.010000
0.010000
0.011000
0.013000
0.013000
0.014000
0.015000
0.015000
0.017000
0.018000
0.018000
0.019000
0.020000
0.020000
0.022000
0.023000
0.024000
0.026000
0.027000
0.025000
0.026000
0.027000
0.030000
0.031000
0.030000
0.033000
0.032000
0.037000
0.035000
0.035000
0.037000
0.038000
0.039000
0.041000
0.041000
0.043000
0.045000
0.044000
0.046000
0.049000
0.050000
0.054000
0.053000
0.055000
0.071000
0.057000
0.058000
0.060000
0.064000
0.065000
0.065000
0.064000
0.068000
0.067000
0.067000
0.073000
0.076000
0.077000
0.077000
0.079000
0.088000
0.082000
0.081000
0.086000
0.084000
0.084000
0.092000
0.089000
0.095000
0.098000
0.099000
0.099000
0.102000
0.104000
0.101000
0.104000
0.110000
0.111000
0.109000
0.118000
0.119000
0.118000
0.122000
0.125000
0.124000
0.121000
0.128000
0.132000
0.129000
0.139000
0.138000
0.142000
0.143000
0.146000
0.143000
0.160000
0.151000
0.153000
0.156000
0.158000
0.158000
0.164000
0.159000
0.170000
0.171000
0.173000
0.172000
0.182000
0.184000
0.182000
0.185000
0.185000
0.190000
0.188000
0.196000
0.200000
0.202000
0.204000
0.205000
0.205000
0.207000
0.215000
0.208000
0.217000
0.212000
0.226000
0.217000
0.233000
0.235000
0.239000
0.241000
0.233000
0.247000
0.237000
0.239000
0.256000
0.259000
0.259000
0.266000
0.254000
0.275000
0.261000
0.263000
0.283000
0.284000
0.285000
0.274000
0.293000
0.297000
0.301000
0.288000
0.307000
0.297000
0.316000
0.299000
0.304000
0.313000
0.312000
0.313000
0.325000
0.344000
0.343000
0.327000
0.349000
0.354000
0.374000
0.359000
0.348000
0.399000
0.352000
0.379000
0.357000
0.378000
0.368000
0.390000
0.390000
0.389000
0.382000
0.404000
0.412000
0.410000
0.426000
0.457000
0.399000
0.430000
0.420000
0.433000
0.418000
0.423000
0.450000
0.449000
0.461000
0.456000
0.464000
0.622000
0.477000
0.460000
0.483000
0.467000
0.486000
0.490000
0.470000
0.483000
0.488000
0.507000
0.521000
0.495000
0.522000
0.513000
0.512000
0.535000
0.540000
0.544000
0.519000
