0.004000
0.005000
0.008000
0.008000
0.011000
0.021000
0.025000
0.025000
0.024000
0.025000
0.028000
0.032000
0.035000
0.041000
0.043000
0.050000
0.067000
0.060000
0.063000
0.069000
0.078000
0.083000
0.087000
0.098000
0.101000
0.109000
0.121000
0.123000
0.135000
0.143000
0.147000
0.157000
0.165000
0.181000
0.185000
0.193000
0.199000
0.210000
0.229000
0.229000
0.241000
0.259000
0.266000
0.282000
0.289000
0.302000
0.316000
0.325000
0.342000
0.339000
0.365000
0.385000
0.442000
0.464000
0.420000
0.450000
0.449000
0.453000
0.482000
0.496000
0.512000
0.534000
0.549000
0.579000
0.588000
0.580000
0.597000
0.630000
0.657000
0.677000
0.686000
0.735000
0.729000
0.746000
0.782000
0.771000
0.811000
0.810000
0.838000
0.868000
0.899000
0.910000
0.895000
0.944000
0.966000
1.022000
1.076000
1.056000
1.083000
1.131000
1.142000
1.189000
1.204000
1.277000
1.310000
1.332000
1.362000
1.434000
1.424000
1.438000
1.507000
1.569000
1.578000
1.645000
1.652000
1.685000
1.755000
1.853000
1.828000
2.040000
1.920000
1.956000
2.017000
1.930000
2.095000
2.155000
2.134000
2.205000
2.212000
2.235000
2.388000
2.365000
2.375000
2.437000
2.446000
2.483000
2.732000
2.597000
2.625000
2.747000
2.733000
2.734000
2.768000
2.773000
2.808000
2.937000
2.916000
2.998000
3.041000
3.086000
3.032000
3.185000
3.193000
3.268000
3.247000
3.373000
3.344000
3.470000
3.491000
3.482000
3.560000
3.618000
3.740000
3.692000
3.692000
3.729000
3.891000
3.871000
3.886000
4.077000
4.027000
4.101000
4.092000
4.172000
4.179000
4.267000
4.408000
4.356000
4.450000
4.569000
4.502000
4.522000
4.710000
4.710000
4.851000
4.830000
4.774000
4.950000
4.972000
5.165000
4.959000
5.087000
5.137000
5.226000
5.242000
5.422000
5.350000
5.506000
5.500000
5.533000
5.514000
5.669000
5.810000
5.808000
5.890000
5.890000
5.908000
5.942000
6.081000
6.306000
6.453000
6.543000
6.409000
6.447000
6.567000
6.716000
6.637000
6.583000
6.774000
6.785000
6.970000
6.949000
7.252000
7.310000
7.247000
7.288000
7.389000
7.325000
7.394000
7.624000
7.654000
7.652000
7.470000
8.059000
7.889000
8.639000
9.291000
7.987000
7.972000
8.251000
8.084000
8.253000
8.296000
8.507000
8.638000
8.633000
8.697000
8.608000
8.965000
9.011000
9.096000
9.039000
9.071000
9.239000
9.201000
